"f4f6c30e99ee0e38e651d0ae81a1b275"
"644187edc80741fc27bdfbe6dff2bd0d"
(preamble 0 1 39 1 39)
(0 0 1 39 31 38)
(brace 6 1 31 1 31)
(brace 9 37 39 38 39)
(comment 0 41 42 41 42)
(comment 0 42 43 42 43)
(comment 0 43 44 43 44)
(1 0 54 122 113 121)
(brace 8 86 88 87 88)
(brace 9 97 99 98 99)
(brace 8 111 113 112 113)
(brace 9 120 122 121 122)
(1 0 123 144 135 143)
(brace 0 123 135 123 135)
(brace 9 142 144 143 144)
(comment 0 146 147 146 147)
(comment 0 147 148 147 148)
(comment 0 148 149 148 149)
(1 0 166 187 178 186)
(brace 0 166 178 166 178)
(brace 9 185 187 186 187)
(1 0 188 206 200 205)
(brace 0 188 200 188 200)
(brace 9 204 206 205 206)
(1 0 207 223 219 222)
(brace 0 207 219 207 219)
(brace 9 221 223 222 223)
(1 0 224 245 236 244)
(brace 0 224 236 224 236)
(brace 9 243 245 244 245)
(1 0 246 267 258 266)
(brace 0 246 258 246 258)
(brace 9 265 267 266 267)
(1 0 268 289 280 288)
(brace 0 268 280 268 280)
(brace 9 287 289 288 289)
(brace 8 315 317 316 317)
(brace 9 330 332 331 332)
(brace 8 343 345 344 345)
(brace 8 379 381 380 381)
(brace 9 385 387 386 387)
(brace 9 388 389 388 389)
(brace 8 402 404 403 404)
(brace 9 410 412 411 412)
(brace 8 411 413 412 413)
(brace 9 415 417 416 417)
(brace 8 416 418 417 418)
(brace 9 424 426 425 426)
(brace 8 438 440 439 440)
(brace 9 443 445 444 445)
(brace 8 444 446 445 446)
(brace 9 448 450 449 450)
(brace 8 449 451 450 451)
(brace 9 461 463 462 463)
(brace 8 475 477 476 477)
(brace 9 481 483 482 483)
(brace 8 482 484 483 484)
(brace 9 486 488 487 488)
(brace 8 487 489 488 489)
(brace 9 499 501 500 501)
(brace 8 513 515 514 515)
(brace 9 517 519 518 519)
(brace 8 518 520 519 520)
(brace 9 522 524 523 524)
(brace 8 523 525 524 525)
(brace 9 531 533 532 533)
(brace 8 541 543 542 543)
(comment 0 578 579 578 579)
(comment 0 639 640 639 640)
(comment 0 724 725 724 725)
(brace 8 780 782 781 782)
(brace 9 785 787 786 787)
(comment 0 790 791 790 791)
(comment 0 870 871 870 871)
(comment 0 963 964 963 964)
(brace 8 1031 1033 1032 1033)
(brace 9 1037 1039 1038 1039)
(comment 0 1046 1047 1046 1047)
(1 0 1089 1108 1102 1107)
(brace 0 1089 1102 1090 1102)
(brace 9 1106 1108 1107 1108)
(comment 0 1143 1144 1143 1144)
(comment 0 1221 1222 1221 1222)
(comment 0 1289 1290 1289 1290)
(comment 0 1380 1381 1380 1381)
(brace 8 1428 1430 1429 1430)
(brace 9 1434 1436 1435 1436)
(comment 0 1445 1446 1445 1446)
(comment 0 1510 1511 1510 1511)
(comment 0 1582 1583 1582 1583)
(comment 0 1647 1648 1647 1648)
(comment 0 1742 1743 1742 1743)
(brace 8 1823 1825 1824 1825)
(brace 9 1828 1830 1829 1830)
(comment 0 1840 1841 1840 1841)
(brace 8 1879 1881 1880 1881)
(brace 9 1887 1889 1888 1889)
(brace 8 1911 1913 1912 1913)
(brace 9 1915 1917 1916 1917)
(comment 0 1925 1926 1925 1926)
(brace 8 1953 1955 1954 1955)
(brace 9 2037 2039 2038 2039)
(brace 8 2060 2062 2061 2062)
(brace 9 2066 2068 2067 2068)
(comment 0 2078 2079 2078 2079)
(brace 8 2114 2116 2115 2116)
(comment 0 2117 2118 2117 2118)
(brace 9 2118 2120 2119 2120)
(brace 8 2119 2121 2120 2121)
(brace 9 2122 2124 2123 2124)
(comment 0 2137 2138 2137 2138)
(brace 8 2187 2189 2188 2189)
(brace 9 2219 2221 2220 2221)
(comment 0 2224 2225 2224 2225)
(brace 8 2259 2261 2260 2261)
(brace 8 2266 2268 2267 2268)
(brace 9 2274 2276 2275 2276)
(brace 9 2275 2277 2276 2277)
(brace 9 2278 2279 2278 2279)
(comment 0 2281 2282 2281 2282)
(comment 0 2282 2283 2282 2283)
(comment 0 2283 2284 2283 2284)
(comment 0 2298 2299 2298 2299)
(comment 0 2299 2300 2299 2300)
(comment 0 2300 2301 2300 2301)
(comment 0 2301 2302 2301 2302)
(comment 0 2302 2303 2302 2303)
(comment 0 2303 2304 2303 2304)
(comment 0 2304 2305 2304 2305)
(comment 0 2305 2306 2305 2306)
(comment 0 2306 2307 2306 2307)
(comment 0 2307 2308 2307 2308)
(comment 0 2308 2309 2308 2309)
(comment 0 2309 2310 2309 2310)
(comment 0 2310 2311 2310 2311)
(comment 0 2311 2312 2311 2312)
(comment 0 2312 2313 2312 2313)
(comment 0 2313 2314 2313 2314)
(comment 0 2314 2315 2314 2315)
(comment 0 2315 2316 2315 2316)
(comment 0 2316 2317 2316 2317)
(comment 0 2317 2318 2317 2318)
(comment 0 2318 2319 2318 2319)
(comment 0 2319 2320 2319 2320)
(comment 0 2320 2321 2320 2321)
(comment 0 2321 2322 2321 2322)
(comment 0 2322 2323 2322 2323)
(comment 0 2323 2324 2323 2324)
(comment 0 2324 2325 2324 2325)
(comment 0 2325 2326 2325 2326)
(comment 0 2326 2327 2326 2327)
(comment 0 2327 2328 2327 2328)
(comment 0 2328 2329 2328 2329)
(comment 0 2329 2330 2329 2330)
(comment 0 2330 2331 2330 2331)
(comment 0 2331 2332 2331 2332)
(comment 0 2332 2333 2332 2333)
(comment 0 2333 2334 2333 2334)
(comment 0 2334 2335 2334 2335)
(comment 0 2335 2336 2335 2336)
(comment 0 2336 2337 2336 2337)
(comment 0 2337 2338 2337 2338)
(comment 0 2338 2339 2338 2339)
(comment 0 2339 2340 2339 2340)
(comment 0 2340 2341 2340 2341)
(comment 0 2341 2342 2341 2342)
(comment 0 2342 2343 2342 2343)
(comment 0 2343 2344 2343 2344)
(comment 0 2344 2345 2344 2345)
(comment 0 2345 2346 2345 2346)
(comment 0 2346 2347 2346 2347)
(comment 0 2347 2348 2347 2348)
(comment 0 2348 2349 2348 2349)
(comment 0 2349 2350 2349 2350)
(comment 0 2350 2351 2350 2351)
(comment 0 2351 2352 2351 2352)
(comment 0 2352 2353 2352 2353)
(comment 0 2353 2354 2353 2354)
(comment 0 2354 2355 2354 2355)
(comment 0 2355 2356 2355 2356)
(comment 0 2356 2357 2356 2357)
(comment 0 2357 2358 2357 2358)
(comment 0 2358 2359 2358 2359)
(comment 0 2359 2360 2359 2360)
(comment 0 2360 2361 2360 2361)
(comment 0 2361 2362 2361 2362)
(comment 0 2362 2363 2362 2363)
(comment 0 2363 2364 2363 2364)
(comment 0 2364 2365 2364 2365)
(comment 0 2365 2366 2365 2366)
(comment 0 2366 2367 2366 2367)
(comment 0 2367 2368 2367 2368)
(comment 0 2368 2369 2368 2369)
(comment 0 2369 2370 2369 2370)
(comment 0 2370 2371 2370 2371)
(comment 0 2371 2372 2371 2372)
(comment 0 2372 2373 2372 2373)
(comment 0 2373 2374 2373 2374)
(comment 0 2374 2375 2374 2375)
(comment 0 2375 2376 2375 2376)
(comment 0 2376 2377 2376 2377)
(comment 0 2377 2378 2377 2378)
(comment 0 2378 2379 2378 2379)
(comment 0 2379 2380 2379 2380)
(comment 0 2380 2381 2380 2381)
(comment 0 2381 2382 2381 2382)
(comment 0 2382 2383 2382 2383)
(comment 0 2383 2384 2383 2384)
(comment 0 2384 2385 2384 2385)
(comment 0 2385 2386 2385 2386)
(comment 0 2386 2387 2386 2387)
(comment 0 2387 2388 2387 2388)
(comment 0 2388 2389 2388 2389)
(comment 0 2389 2390 2389 2390)
(comment 0 2390 2391 2390 2391)
(comment 0 2391 2392 2391 2392)
(comment 0 2392 2393 2392 2393)
(comment 0 2393 2394 2393 2394)
(comment 0 2394 2395 2394 2395)
(comment 0 2395 2396 2395 2396)
(comment 0 2396 2397 2396 2397)
(comment 0 2397 2398 2397 2398)
(comment 0 2398 2399 2398 2399)
(comment 0 2399 2400 2399 2400)
(comment 0 2400 2401 2400 2401)
(comment 0 2401 2402 2401 2402)
(comment 0 2402 2403 2402 2403)
(comment 0 2403 2404 2403 2404)
(comment 0 2404 2405 2404 2405)
(comment 0 2405 2406 2405 2406)
(comment 0 2406 2407 2406 2407)
(comment 0 2407 2408 2407 2408)
(comment 0 2408 2409 2408 2409)
(comment 0 2409 2410 2409 2410)
(comment 0 2410 2411 2410 2411)
(comment 0 2411 2412 2411 2412)
(comment 0 2412 2413 2412 2413)
(comment 0 2413 2414 2413 2414)
(comment 0 2414 2415 2414 2415)
(comment 0 2415 2416 2415 2416)
(comment 0 2416 2417 2416 2417)
(comment 0 2417 2418 2417 2418)
(comment 0 2418 2419 2418 2419)
(comment 0 2419 2420 2419 2420)
(comment 0 2420 2421 2420 2421)
(comment 0 2421 2422 2421 2422)
(comment 0 2422 2423 2422 2423)
(comment 0 2423 2424 2423 2424)
(comment 0 2424 2425 2424 2425)
(comment 0 2425 2426 2425 2426)
(comment 0 2426 2427 2426 2427)
(comment 0 2427 2428 2427 2428)
(comment 0 2428 2429 2428 2429)
(comment 0 2429 2430 2429 2430)
(comment 0 2430 2431 2430 2431)
(comment 0 2431 2432 2431 2432)
(comment 0 2432 2433 2432 2433)
(comment 0 2433 2434 2433 2434)
(comment 0 2434 2435 2434 2435)
(comment 0 2435 2436 2435 2436)
(comment 0 2436 2437 2436 2437)
(comment 0 2437 2438 2437 2438)
(comment 0 2438 2439 2438 2439)
(comment 0 2439 2440 2439 2440)
(comment 0 2440 2441 2440 2441)
(comment 0 2441 2442 2441 2442)
(comment 0 2442 2443 2442 2443)
(comment 0 2443 2444 2443 2444)
(comment 0 2444 2445 2444 2445)
(comment 0 2445 2446 2445 2446)
(comment 0 2446 2447 2446 2447)
(comment 0 2447 2448 2447 2448)
(comment 0 2448 2449 2448 2449)
(comment 0 2449 2450 2449 2450)
(comment 0 2450 2451 2450 2451)
(comment 0 2451 2452 2451 2452)
(comment 0 2452 2453 2452 2453)
(comment 0 2453 2454 2453 2454)
(comment 0 2454 2455 2454 2455)
(comment 0 2455 2456 2455 2456)
(comment 0 2456 2457 2456 2457)
(comment 0 2457 2458 2457 2458)
(comment 0 2458 2459 2458 2459)
(comment 0 2459 2460 2459 2460)
(comment 0 2460 2461 2460 2461)
(comment 0 2461 2462 2461 2462)
(comment 0 2462 2463 2462 2463)
(comment 0 2463 2464 2463 2464)
(comment 0 2464 2465 2464 2465)
(comment 0 2465 2466 2465 2466)
(comment 0 2466 2467 2466 2467)
(comment 0 2467 2468 2467 2468)
(comment 0 2468 2469 2468 2469)
(comment 0 2469 2470 2469 2470)
(comment 0 2470 2471 2470 2471)
(comment 0 2471 2472 2471 2472)
(preamble 1 2473 2489 2473 2489)
(environment 2 2473 2489 2473 2489)
(brace 3 2473 2480 2473 2480)
(brace 9 2487 2489 2488 2489)
(brace 8 2495 2497 2496 2497)
(brace 9 2548 2550 2549 2550)
(brace 8 2557 2559 2558 2559)
(brace 9 2698 2699 2698 2699)
(section 0 2712 2727 2722 2726)
(brace 8 2720 2722 2721 2722)
(brace 9 2725 2727 2726 2727)
(environment 2 2728 2743 2728 2743)
(brace 3 2728 2735 2728 2735)
(brace 9 2741 2743 2742 2743)
(environment 2 2956 2970 2956 2970)
(brace 3 2956 2963 2956 2963)
(brace 9 2968 2970 2969 2970)
(inline-math 0 2972 2973 2972 2973)
(environment 3 3010 3023 3010 3023)
(brace 4 3010 3016 3011 3016)
(brace 9 3021 3023 3022 3023)
(environment 3 3024 3037 3024 3037)
(brace 4 3024 3029 3024 3029)
(brace 9 3035 3037 3036 3037)
(comment 0 3039 3040 3039 3040)
(comment 0 3040 3041 3040 3041)
(comment 0 3041 3042 3041 3042)
(comment 0 3042 3043 3042 3043)
(comment 0 3043 3044 3043 3044)
(comment 0 3044 3045 3044 3045)
(comment 0 3045 3046 3045 3046)
(comment 0 3046 3047 3046 3047)
(comment 0 3047 3048 3047 3048)
(comment 0 3048 3049 3048 3049)
(comment 0 3049 3050 3049 3050)
(comment 0 3050 3051 3050 3051)
(comment 0 3051 3052 3051 3052)
(comment 0 3052 3053 3052 3053)
(comment 0 3053 3054 3053 3054)
(comment 0 3054 3055 3054 3055)
(comment 0 3055 3056 3055 3056)
(comment 0 3056 3057 3056 3057)
(comment 0 3057 3058 3057 3058)
(comment 0 3058 3059 3058 3059)
(comment 0 3059 3060 3059 3060)
(comment 0 3060 3061 3060 3061)
(comment 0 3061 3062 3061 3062)
(comment 0 3062 3063 3062 3063)
(comment 0 3063 3064 3063 3064)
(comment 0 3064 3065 3064 3065)
(comment 0 3065 3066 3065 3066)
(comment 0 3066 3067 3066 3067)
(comment 0 3067 3068 3067 3068)
(comment 0 3068 3069 3068 3069)
(comment 0 3069 3070 3069 3070)
(comment 0 3070 3071 3070 3071)
(comment 0 3071 3072 3071 3072)
(comment 0 3072 3073 3072 3073)
(comment 0 3073 3074 3073 3074)
(comment 0 3074 3075 3074 3075)
(comment 0 3075 3076 3075 3076)
(comment 0 3076 3077 3076 3077)
(comment 0 3077 3078 3077 3078)
(comment 0 3078 3079 3078 3079)
(comment 0 3079 3080 3079 3080)
(comment 0 3080 3081 3080 3081)
(comment 0 3081 3082 3081 3082)
(comment 0 3082 3083 3082 3083)
(comment 0 3083 3084 3083 3084)
(comment 0 3084 3085 3084 3085)
(comment 0 3085 3086 3085 3086)
(comment 0 3086 3087 3086 3087)
(comment 0 3087 3088 3087 3088)
(comment 0 3088 3089 3088 3089)
(comment 0 3089 3090 3089 3090)
(comment 0 3090 3091 3090 3091)
(comment 0 3091 3092 3091 3092)
(comment 0 3092 3093 3092 3093)
(comment 0 3093 3094 3093 3094)
(comment 0 3094 3095 3094 3095)
(comment 0 3095 3096 3095 3096)
(comment 0 3096 3097 3096 3097)
(comment 0 3097 3098 3097 3098)
(comment 0 3098 3099 3098 3099)
(comment 0 3099 3100 3099 3100)
(comment 0 3100 3101 3100 3101)
(comment 0 3101 3102 3101 3102)
(comment 0 3102 3103 3102 3103)
(comment 0 3103 3104 3103 3104)
(comment 0 3104 3105 3104 3105)
(comment 0 3105 3106 3105 3106)
(comment 0 3106 3107 3106 3107)
(comment 0 3107 3108 3107 3108)
(comment 0 3108 3109 3108 3109)
(comment 0 3109 3110 3109 3110)
(comment 0 3110 3111 3110 3111)
(comment 0 3111 3112 3111 3112)
(comment 0 3112 3113 3112 3113)
(comment 0 3113 3114 3113 3114)
(comment 0 3114 3115 3114 3115)
(comment 0 3115 3116 3115 3116)
(comment 0 3116 3117 3116 3117)
(comment 0 3117 3118 3117 3118)
(comment 0 3118 3119 3118 3119)
(comment 0 3119 3120 3119 3120)
(comment 0 3120 3121 3120 3121)
(comment 0 3121 3122 3121 3122)
(comment 0 3122 3123 3122 3123)
(comment 0 3123 3124 3123 3124)
(comment 0 3124 3125 3124 3125)
(comment 0 3125 3126 3125 3126)
(comment 0 3126 3127 3126 3127)
(comment 0 3127 3128 3127 3128)
(comment 0 3128 3129 3128 3129)
(comment 0 3129 3130 3129 3130)
(comment 0 3130 3131 3130 3131)
(comment 0 3131 3132 3131 3132)
(comment 0 3132 3133 3132 3133)
(comment 0 3133 3134 3133 3134)
(comment 0 3134 3135 3134 3135)
(comment 0 3135 3136 3135 3136)
(comment 0 3136 3137 3136 3137)
(comment 0 3137 3138 3137 3138)
(comment 0 3138 3139 3138 3139)
(comment 0 3139 3140 3139 3140)
(comment 0 3140 3141 3140 3141)
(comment 0 3141 3142 3141 3142)
(comment 0 3142 3143 3142 3143)
(comment 0 3143 3144 3143 3144)
(comment 0 3144 3145 3144 3145)
(comment 0 3145 3146 3145 3146)
(comment 0 3146 3147 3146 3147)
(comment 0 3147 3148 3147 3148)
(comment 0 3148 3149 3148 3149)
(comment 0 3149 3150 3149 3150)
(comment 0 3150 3151 3150 3151)
(comment 0 3151 3152 3151 3152)
(comment 0 3152 3153 3152 3153)
(comment 0 3153 3154 3153 3154)
(comment 0 3154 3155 3154 3155)
(comment 0 3155 3156 3155 3156)
(comment 0 3156 3157 3156 3157)
(comment 0 3157 3158 3157 3158)
(comment 0 3158 3159 3158 3159)
(comment 0 3159 3160 3159 3160)
(comment 0 3160 3161 3160 3161)
(comment 0 3161 3162 3161 3162)
(comment 0 3162 3163 3162 3163)
(comment 0 3163 3164 3163 3164)
(comment 0 3164 3165 3164 3165)
(comment 0 3165 3166 3165 3166)
(comment 0 3166 3167 3166 3167)
(comment 0 3167 3168 3167 3168)
(comment 0 3168 3169 3168 3169)
(comment 0 3169 3170 3169 3170)
(comment 0 3170 3171 3170 3171)
(comment 0 3171 3172 3171 3172)
(comment 0 3172 3173 3172 3173)
(comment 0 3173 3174 3173 3174)
(comment 0 3174 3175 3174 3175)
(comment 0 3175 3176 3175 3176)
(comment 0 3176 3177 3176 3177)
(comment 0 3177 3178 3177 3178)
(comment 0 3178 3179 3178 3179)
(comment 0 3179 3180 3179 3180)
(comment 0 3180 3181 3180 3181)
(comment 0 3181 3182 3181 3182)
(comment 0 3182 3183 3182 3183)
(comment 0 3183 3184 3183 3184)
(comment 0 3184 3185 3184 3185)
(comment 0 3185 3186 3185 3186)
(comment 0 3186 3187 3186 3187)
(comment 0 3187 3188 3187 3188)
(comment 0 3188 3189 3188 3189)
(comment 0 3189 3190 3189 3190)
(comment 0 3190 3191 3190 3191)
(comment 0 3191 3192 3191 3192)
(comment 0 3192 3193 3192 3193)
(comment 0 3193 3194 3193 3194)
(comment 0 3194 3195 3194 3195)
(comment 0 3195 3196 3195 3196)
(comment 0 3196 3197 3196 3197)
(comment 0 3197 3198 3197 3198)
(comment 0 3198 3199 3198 3199)
(comment 0 3199 3200 3199 3200)
(comment 0 3200 3201 3200 3201)
(comment 0 3201 3202 3201 3202)
(comment 0 3202 3203 3202 3203)
(comment 0 3203 3204 3203 3204)
(comment 0 3204 3205 3204 3205)
(comment 0 3205 3206 3205 3206)
(comment 0 3206 3207 3206 3207)
(comment 0 3207 3208 3207 3208)
(comment 0 3208 3209 3208 3209)
(comment 0 3209 3210 3209 3210)
(comment 0 3210 3211 3210 3211)
(comment 0 3211 3212 3211 3212)
(comment 0 3212 3213 3212 3213)
(section 0 3215 3231 3224 3230)
(brace 8 3222 3224 3223 3224)
(brace 9 3229 3231 3230 3231)
(environment 2 3584 3598 3584 3598)
(brace 3 3584 3591 3584 3591)
(brace 9 3596 3598 3597 3598)
(brace graphicx 3618 3647 3619 3647)
(brace 9 3658 3660 3659 3660)
(brace 8 3690 3692 3691 3692)
(brace 9 3703 3705 3704 3705)
(brace 8 3712 3714 3713 3714)
(brace 9 3772 3774 3773 3774)
(environment 3 3775 3787 3775 3787)
(brace 4 3775 3780 3775 3780)
(brace 9 3785 3787 3786 3787)
(environment 2 3789 3804 3789 3804)
(brace 3 3789 3796 3789 3796)
(brace 9 3802 3804 3803 3804)
(inline-math 0 3830 3831 3830 3831)
(inline-math 0 3841 3842 3841 3842)
(environment 3 3931 3944 3931 3944)
(brace 4 3931 3936 3931 3936)
(brace 9 3942 3944 3943 3944)
(environment 2 4113 4128 4113 4128)
(brace 3 4113 4120 4113 4120)
(brace 9 4126 4128 4127 4128)
(environment 3 4554 4567 4554 4567)
(brace 4 4554 4559 4554 4559)
(brace 9 4565 4567 4566 4567)
(section 0 4568 4596 4577 4595)
(brace 8 4575 4577 4576 4577)
(brace 9 4594 4596 4595 4596)
(section 0 4598 4618 4610 4617)
(brace 8 4608 4610 4609 4610)
(brace 9 4616 4618 4617 4618)
(section 0 4620 4650 4632 4649)
(brace 8 4630 4632 4631 4632)
(brace 9 4648 4650 4649 4650)
(section 0 4652 4684 4683 4664)
(brace 8 4662 4664 4663 4664)
(brace 9 4682 4684 4683 4684)
(section 0 4686 4707 4695 4706)
(brace 8 4693 4695 4694 4695)
(brace 9 4705 4707 4706 4707)
(section 0 4709 4729 4718 4728)
(brace 8 4716 4718 4717 4718)
(brace 9 4727 4729 4728 4729)
(environment 2 4731 4754 4731 4754)
(brace 3 4731 4738 4731 4738)
(brace 9 4752 4754 4753 4754)
(brace 8 4753 4755 4754 4755)
(brace 9 4755 4757 4756 4757)
(brace 8 4765 4767 4766 4767)
(brace 9 4770 4772 4771 4772)
(label 0 4774 4791 4782 4790)
(brace label 4774 4782 4775 4782)
(brace 9 4789 4791 4790 4791)
(brace 8 4829 4831 4830 4831)
(brace 9 4873 4875 4874 4875)
(brace 8 4932 4934 4933 4934)
(brace 9 4938 4940 4939 4940)
(label 0 4942 4960 4950 4959)
(brace label 4942 4950 4943 4950)
(brace 9 4958 4960 4959 4960)
(brace 8 4985 4987 4986 4987)
(brace 9 5063 5065 5064 5065)
(brace 8 5124 5126 5125 5126)
(brace 9 5135 5137 5136 5137)
(label 0 5139 5161 5147 5160)
(brace label 5139 5147 5140 5147)
(brace 9 5159 5161 5160 5161)
(brace 8 5201 5203 5202 5203)
(brace 9 5213 5215 5214 5215)
(environment 3 5265 5286 5265 5286)
(brace 4 5265 5270 5265 5270)
(brace 9 5284 5286 5285 5286)
(environment 3 5287 5301 5287 5301)
(brace 4 5287 5292 5287 5292)
(brace 9 5299 5301 5300 5301)
(comment 0 5302 5303 5302 5303)
(comment 0 5303 5304 5303 5304)
(comment 0 5304 5305 5304 5305)
(comment 0 5305 5306 5305 5306)
(comment 0 5306 5307 5306 5307)
(comment 0 5307 5308 5307 5308)
(comment 0 5308 5309 5308 5309)
(comment 0 5309 5310 5309 5310)
(comment 0 5310 5311 5310 5311)
(comment 0 5311 5312 5311 5312)
(comment 0 5312 5313 5312 5313)
(comment 0 5313 5314 5313 5314)
(comment 0 5314 5315 5314 5315)
(comment 0 5315 5316 5315 5316)
(comment 0 5316 5317 5316 5317)
(comment 0 5317 5318 5317 5318)
(comment 0 5318 5319 5318 5319)
(comment 0 5319 5320 5319 5320)
(comment 0 5320 5321 5320 5321)
(comment 0 5321 5322 5321 5322)
(comment 0 5322 5323 5322 5323)
(comment 0 5323 5324 5323 5324)
(comment 0 5324 5325 5324 5325)
(comment 0 5325 5326 5325 5326)
(comment 0 5326 5327 5326 5327)
(comment 0 5327 5328 5327 5328)
(comment 0 5328 5329 5328 5329)
(comment 0 5329 5330 5329 5330)
(comment 0 5330 5331 5330 5331)
(comment 0 5331 5332 5331 5332)
(comment 0 5332 5333 5332 5333)
(comment 0 5333 5334 5333 5334)
(comment 0 5334 5335 5334 5335)
(comment 0 5335 5336 5335 5336)
(comment 0 5336 5337 5336 5337)
(comment 0 5337 5338 5337 5338)
(comment 0 5338 5339 5338 5339)
(comment 0 5339 5340 5339 5340)
(comment 0 5340 5341 5340 5341)
(comment 0 5341 5342 5341 5342)
(comment 0 5342 5343 5342 5343)
(comment 0 5343 5344 5343 5344)
(comment 0 5344 5345 5344 5345)
(comment 0 5345 5346 5345 5346)
(comment 0 5346 5347 5346 5347)
(comment 0 5347 5348 5347 5348)
(comment 0 5348 5349 5348 5349)
(comment 0 5349 5350 5349 5350)
(comment 0 5350 5351 5350 5351)
(comment 0 5351 5352 5351 5352)
(comment 0 5352 5353 5352 5353)
(comment 0 5353 5354 5353 5354)
(comment 0 5354 5355 5354 5355)
(comment 0 5355 5356 5355 5356)
(comment 0 5356 5357 5356 5357)
(comment 0 5357 5358 5357 5358)
(comment 0 5358 5359 5358 5359)
(comment 0 5359 5360 5359 5360)
(comment 0 5360 5361 5360 5361)
(comment 0 5361 5362 5361 5362)
(comment 0 5362 5363 5362 5363)
(comment 0 5363 5364 5363 5364)
(comment 0 5364 5365 5364 5365)
(comment 0 5365 5366 5365 5366)
(comment 0 5366 5367 5366 5367)
(comment 0 5367 5368 5367 5368)
(comment 0 5368 5369 5368 5369)
(comment 0 5369 5370 5369 5370)
(comment 0 5370 5371 5370 5371)
(comment 0 5371 5372 5371 5372)
(comment 0 5372 5373 5372 5373)
(comment 0 5373 5374 5373 5374)
(comment 0 5374 5375 5374 5375)
(comment 0 5375 5376 5375 5376)
(comment 0 5376 5377 5376 5377)
(comment 0 5377 5378 5377 5378)
(comment 0 5378 5379 5378 5379)
(comment 0 5379 5380 5379 5380)
(comment 0 5380 5381 5380 5381)
(comment 0 5381 5382 5381 5382)
(comment 0 5382 5383 5382 5383)
(comment 0 5383 5384 5383 5384)
(comment 0 5384 5385 5384 5385)
(comment 0 5385 5386 5385 5386)
(comment 0 5386 5387 5386 5387)
(comment 0 5387 5388 5387 5388)
(comment 0 5388 5389 5388 5389)
(comment 0 5389 5390 5389 5390)
(comment 0 5390 5391 5390 5391)
(comment 0 5391 5392 5391 5392)
(comment 0 5392 5393 5392 5393)
(comment 0 5393 5394 5393 5394)
(comment 0 5394 5395 5394 5395)
(comment 0 5395 5396 5395 5396)
(comment 0 5396 5397 5396 5397)
(comment 0 5397 5398 5397 5398)
(comment 0 5398 5399 5398 5399)
(comment 0 5399 5400 5399 5400)
(comment 0 5400 5401 5400 5401)
(comment 0 5401 5402 5401 5402)
(comment 0 5402 5403 5402 5403)
(comment 0 5403 5404 5403 5404)
(comment 0 5404 5405 5404 5405)
(comment 0 5405 5406 5405 5406)
(comment 0 5406 5407 5406 5407)
(comment 0 5407 5408 5407 5408)
(comment 0 5408 5409 5408 5409)
(comment 0 5409 5410 5409 5410)
(comment 0 5410 5411 5410 5411)
(comment 0 5411 5412 5411 5412)
(comment 0 5412 5413 5412 5413)
(comment 0 5413 5414 5413 5414)
(comment 0 5414 5415 5414 5415)
(comment 0 5415 5416 5415 5416)
(comment 0 5416 5417 5416 5417)
(comment 0 5417 5418 5417 5418)
(comment 0 5418 5419 5418 5419)
(comment 0 5419 5420 5419 5420)
(comment 0 5420 5421 5420 5421)
(comment 0 5421 5422 5421 5422)
(comment 0 5422 5423 5422 5423)
(comment 0 5423 5424 5423 5424)
(comment 0 5424 5425 5424 5425)
(comment 0 5425 5426 5425 5426)
(comment 0 5426 5427 5426 5427)
(comment 0 5427 5428 5427 5428)
(comment 0 5428 5429 5428 5429)
(comment 0 5429 5430 5429 5430)
(comment 0 5430 5431 5430 5431)
(comment 0 5431 5432 5431 5432)
(comment 0 5432 5433 5432 5433)
(comment 0 5433 5434 5433 5434)
(comment 0 5434 5435 5434 5435)
(comment 0 5435 5436 5435 5436)
(comment 0 5436 5437 5436 5437)
(comment 0 5437 5438 5437 5438)
(comment 0 5438 5439 5438 5439)
(comment 0 5439 5440 5439 5440)
(comment 0 5440 5441 5440 5441)
(comment 0 5441 5442 5441 5442)
(comment 0 5442 5443 5442 5443)
(comment 0 5443 5444 5443 5444)
(comment 0 5444 5445 5444 5445)
(comment 0 5445 5446 5445 5446)
(comment 0 5446 5447 5446 5447)
(comment 0 5447 5448 5447 5448)
(comment 0 5448 5449 5448 5449)
(comment 0 5449 5450 5449 5450)
(comment 0 5450 5451 5450 5451)
(comment 0 5451 5452 5451 5452)
(comment 0 5452 5453 5452 5453)
(comment 0 5453 5454 5453 5454)
(comment 0 5454 5455 5454 5455)
(comment 0 5455 5456 5455 5456)
(comment 0 5456 5457 5456 5457)
(comment 0 5457 5458 5457 5458)
(comment 0 5458 5459 5458 5459)
(comment 0 5459 5460 5459 5460)
(comment 0 5460 5461 5460 5461)
(comment 0 5461 5462 5461 5462)
(comment 0 5462 5463 5462 5463)
(comment 0 5463 5464 5463 5464)
(comment 0 5464 5465 5464 5465)
(comment 0 5465 5466 5465 5466)
(comment 0 5466 5467 5466 5467)
(comment 0 5467 5468 5467 5468)
(comment 0 5468 5469 5468 5469)
(comment 0 5469 5470 5469 5470)
(comment 0 5470 5471 5470 5471)
(comment 0 5471 5472 5471 5472)
(comment 0 5472 5473 5472 5473)
(comment 0 5473 5474 5473 5474)
(comment 0 5474 5475 5474 5475)
(comment 0 5475 5476 5475 5476)
